<svg version="1.1" xmlns="http://www.w3.org/2000/svg">
    <path id="compound" d="M79.004,114.204l31.905-63.292l28.396,6.363l-8.652,6.801l4.497,7.7l18.539-5.879l-4.08-14.93
	l-24.891-22.171l80.09,10.408l4.523,18.552l-19.91,0.906l-9.05,15.384l71.041,18.552L303.9,14.769l16.29,78.281l-24.434,0.453
	l0.905-20.814l-20.362,4.977l-9.955,46.154l26.245-7.692l-8.145-8.145l-7.692,2.715l0.453-9.955l9.502-1.357l10.859,8.597
	l13.123-5.43l5.882,11.312l-17.195-0.453l-1.357,16.29l-23.529,4.978l2.262,21.267l21.267-9.05l13.122-20.362l11.312-3.167
	l4.977,9.502l-19.909,18.1l-28.507,14.027l-31.222-20.814l22.172-15.385l-41.629-12.217l25.792-12.217l-27.602-8.145l-12.217,39.819
	l28.054-5.43l-4.977,32.126l-25.792-5.43l-21.72-21.72l13.122-17.647l5.43-10.859l-9.05-9.502l-17.647,1.357l-5.882,7.692
	l13.122,5.882l0.453,6.335l-11.765,2.715l-5.882-0.905l-19.005-12.217l21.267-23.53l-7.24-11.765l-12.67,4.525l-7.692,5.882
	l7.24,6.335l-3.167,9.05l-19.91,8.145l4.525,22.624l33.484,7.24l13.575,14.479l-16.742,8.597l-23.529-7.24l15.384-8.145
	l-14.027-6.334l-8.145,5.882l6.335,15.384l18.1,8.145l-23.982,7.24l-15.623-16.742l6.548-23.077V123l-10.382-10.946l9.502-16.945
	L124.263,84.5H114l-10.1,5.655l1.81,4.345H111l3.76,0.359l1.357,5.43l-11.765,10.407l-9.05,4.072l1.81,8.598l14.479,2.262
	l-2.715,13.122l-17.647,4.073l-24.887-1.81l-5.882-23.529l9.05-5.882L79.004,114.204L79.004,114.204z"/>
</svg>

244.167, 125.5
81.667, 164.167
124, 136
169.167, 136.5
179, 151.667
158.667, 145.667
306.667, 79.667
154.5, 79.833
143, 37.667
205.5, 174.667
135.333, 58.834
209.667, 159.833
168, 58.834
113.333, 97
301.167, 100.333
307.5, 153.167
275.833, 158
210.5, 59.167
143.667, 84.167
170, 148.5
147.667, 52.5
211.147, 118.188
163, 84.667
63.667, 143.667
212.667, 138
136.334, 129.333
134.5, 74.5
113, 126
70.833, 124.5
105.334, 112.167
150, 109.333
303.667, 13.167
129.667, 46.333
244.5, 115.334
286.833, 64
182.167, 100.667
247.5, 25
67.667, 140.334
286.167, 101.334
180, 98.167
277.833, 102.5
214.333, 100.834
321.334, 125.667
143.834, 145.5
301, 116
298.834, 131.667
189.834, 112.833
161.5, 169
91.167, 145.167
116.834, 159.667
169.5, 100.667
104.5, 96.5
128.333, 106.834
317.834, 115.333
149.334, 84
170, 31.333
275, 113
137.167, 145.167
132.167, 108.667
166.667, 73
96.667, 116.167
69.5, 113.834
115.334, 94.5
209.333, 88.167
203.167, 119.834
274.333, 77.667
175.333, 115.334
155.167, 168.167
204.667, 134.667
164.167, 108.167
135.5, 70.833
122, 28.167
237.834, 164.833
78.667, 116.334
97.5, 101
310.667, 101.667
195.167, 48.834
109.167, 127.5
283.834, 141.833
313, 134.5
134.667, 177
183.834, 143
309.5, 126.333
267.834, 122.5
203, 41
302.5, 19.334
151.334, 65.667
278.833, 164
296.833, 113.5
187.667, 136
232.167, 117
80.167, 78.667
109.667, 49.667
266.667, 144.5
140.667, 57.667
147.833, 98.5
107.167, 118.833
125.667, 84
305.667, 150.834
240.167, 132.834
150.833, 90.667
142.667, 159.333
256.167, 105.334
165, 162.167
309.5, 105.167
105.333, 76.5
188.167, 58
133, 131.5
118, 112.167
311.5, 128.334
251.167, 158.5
95.833, 131.667
106.334, 92
244.834, 48.667
167, 138.834
322.334, 122.667
277.5, 109.667
296.833, 72.167
265.334, 130.333
278.5, 116
250.5, 144.667
225.834, 117.5
114.167, 86.333
60, 80.5
275.834, 136.5
177.5, 106.833
172, 120.167
151, 100.667
201.334, 118.167
187.167, 118.834
168.333, 45
229, 142.667
297.667, 46
235.667, 161.667
187, 114.167
127.667, 65.167
98.334, 123
174.833, 86
284, 107.667
226.667, 125.667
314, 113.167
265.333, 126.167
106.5, 138.334
209.833, 146.834
121.333, 158.167
56.167, 116.333
272.5, 65.5
106.667, 93.5
262.333, 118
316.334, 169.167
77.667, 113
68.5, 109.833
62, 118.667
288.334, 52
301.667, 58.834
142.667, 167.167
249.667, 175.334
177.167, 123.667
132.5, 164.667
161, 151.167
271.667, 129.667
143.167, 118.5
233.834, 75.667
263.833, 153.834
274.167, 50
126.833, 96
320.5, 95.333
262.333, 88.167
173, 107.5
194.167, 106.167
85.834, 19.334
153.334, 145.5
165.834, 76.167
225.5, 151.5
95.5, 124.834
309.167, 121.333
93.333, 115
289, 116.333
187.167, 89.834
199, 68.333
263.833, 104.167
102.667, 110
222.667, 39.667
111.167, 53.5
296, 129.334
199, 96.834
224.5, 95
124.334, 124.5
117.667, 132.667
322.5, 108.667
90.333, 141.834
277.5, 80
113, 83.167
283.334, 110.333
154.667, 90.167
142.333, 138
109.667, 140.167
272.5, 134.667
154.334, 161.667
101.667, 90.167
135.667, 174
317.667, 92.167
141.834, 62.667
250, 91.5
297.667, 149
127.5, 123.5
190, 60.667
328.667, 133.833
301.667, 32
191.167, 136
149.167, 75.334
128.167, 116.667
164.667, 159.167
293.667, 94.833
182.334, 73.5
233, 107
297, 92.667
227.167, 99
295.5, 146.5
191.667, 162.5
274.834, 100.833
127.833, 136.334
216.667, 134.5
243.334, 130.333
294.334, 75.5
297, 106.667
249.834, 105.5
324.834, 133
140.167, 161.5
245.5, 145
118.333, 60
277.5, 154.5
128.5, 31.334
278.834, 167.667
194.667, 80.667
251.333, 94.834
154.5, 109
178.333, 75.5
143.667, 152.334
209.5, 108
207, 57.334
83, 132
253.667, 115.834
315.667, 42.334
211.667, 157
130.333, 156.667
79.5, 50.834
117, 101.5
190.5, 120.333
284.834, 87.5
183.5, 152.667
143.167, 140.667
205.5, 39
177, 121
150.667, 51.334
113.333, 101
122.334, 86.5
171.334, 85.5
137.667, 91.167
114.167, 113.167
123.5, 95.167
154.667, 67
206.167, 107.667
156.834, 125.333
251.834, 131.333
116.167, 70.167
132.833, 144.5
170.167, 122.833
198, 99.833
