7230880517197428814
5834642918076786418
1927270543246266185
9798349927815322952
2598255961690239056
4175122041049509452
13787218585072123605
14838200203711856730
2775295010319933279
10678570786183500930
4466949893431300184
12072588836780301976
12474729101000953218
15438975735023425602
7441649174770182445
14032527290668042097
12589726677308378263
12347040967549260919
12341153830341664038
938623646744545092
11223963927105264012
11268707357244291534
1870543540015880198
934628567137664614
5926053840523423846
1261633867593662168
9128599829279545004
14473084981430022218
5469675381463092889
15542820515670318221
4969351488186938156
5164923545323928599
18059383625050266121
13836173175793225859
16883064268977444265
8935729424380349386
14597972754792646306
16260908110717902801
3239116785609969159
17433019069524386503
10166631650887060875
7366759811069009245
14625721597197637533
11111465888202314022
9326483562556598467
15279648041147518757
10546939764519199509
8261817959115115359
10583361364119107393
15175683430586573358
13616207609926707076
7216276525898237972
10655677528886588542
12251934412128249922
10863358063790573004
10714752425275012925
9656425452302859740
13336303487479683494
13138269235430754044
936796088737638458
7335371097582077396
18103269226899057415
3422316935022814354
11595696366754399494
7824084346845182813
4450148950064646131
7388709424549973536
5914096141543171488
15040714229940339552
14730609294090565535
2596378221230698219
8703736210041670847
6305535128600727261
5713724774143722289
15759235763927643627
2232506002541774235
7023293503491586075
9741700411907642438
59606911916756834
8570418824521548674
3678357637133766080
10422167825245573207
4513737555593246475
14923745767779861480
12375766262426332057
6966449494342230568
11542570145749789423
13502130748755134913
5436577271571209407
4737129461741610640
10745493411365397957
4827409097186083369
11458856842370719491
13153013662265307595
1934765926118937591
13388529997395031140
11781008015310920837
720272538151979772
17848339929740513101
11207369171773166911
12707068404058083229
7440990858378146324
14329539064654992272
12559103337282283790
17483452711825727213
15243808089608518422
861732372636366407
15007684294746625440
249307008747771276
14405641872457516470
4997502848201684895
2926430956537615869
3924779000957715619
6186710997015093810
10756238902496886483
17879798855512650259
11428054083635019326
13906976930573416564
3564933025370504361
2222590582008084649
5427793409676616981
15050597034270929778
16559030700580809458
6063159454141455094
15779607572347570663
3259360207787865298
61602505370946744
2871824236076458175
12444194659691356307
6559606807654380008
6614567758354325327
4229737384011274019
11813072476160401052
777804208096147854
8394090648153467291
14377641400011065956
10212571106502675459
4087836699917236539
16231705950115902204
4464872175648751568
13071663971872944268
17212088369990332218
16452778142297987006
17844609683579159944
7182630095521136996
7248188970100342758
818430370536163362
11559812295017418981
7285141381670245002
2214842182772005884
2477157725189248678
3840063774401973619
16567237445719452173
10431482969403911605
4574897840700970727
13485351501093428626
15993512259176795433
6276841762125996361
15568258039204069558
14498219928700148094
9275998124162789432
15074381256777233259
2942766077326189417
6021044510372738488
428151360027616158
10577874032476893588
8975705046516839085
15355958532177279426
8539406156365928795
205208548864128136
11509890530504481991
15126471390173432521
17803887307916476010
7619324354130487436
6056862422274529036
8844636053885092584
1417775900366025986
17784722529724249714
15135276271729984696
6650575579860860403
7998837078848645772
3232870590013543087
10222275259059891475
4827446878324913178
4650624015873470308
7736936358836237580
7655477568541033610
4216259099952168634
4692603667202452553
15415908282600118189
4831135571349785715
7507597822347159044
3982944017939511579
2664387694466299420
3823907085980659075
6814049655624397390
13986753352968657658
13054200442693276182
16513441499216286965
10929104349933485120
2474556150638120882
12172004032848613701
1321460747795852795
8983239720800979871
11095880415994498217
12547913323238458569
10851796230125971797
11174283494264059630
13553228416524504273
7744880037933038042
830036388367041438
4942426188622035543
11124463625343553987
662485603983493008
7215077980518160939
912333207238172010
16262920801699621070
6056962461596201259
13786449604547003928
3892116379283818492
882649784104244017
546648051027755500
1699503535275279893
535490531326403994
10346042998186613384
14128606440904644827
8697977403643443808
15397808088330288115
15455360409713516129
12126487447009163582
6635489645201552651
446411239653292298
9376173588969033673
12617599553964413456
16500043196373930709
3082483018619394421
4222136162985193602
11223407779054264651
18106514221992252656
2001465551195506282
1675937433282216583
7278252942895691324
2351697461399669639
17491209687557372743
8329030486651879936
4737680224348070114
11763643563628963640
7866493827694765708
4665042790367699100
10432918895999591038
5432824476124610525
6028848570893331506
5253077922795015081
14212730526001790968
15186593524416363105
5837756153996062307
18417776570821988078
11509306011999942526
14719705585119842636
15097015161505982622
14280935240547814736
13918622463725764518
4889033118599088476
6526470586953987067
11043107647937582502
11752016899679868727
13119788543808623191
5330183511953989787
1837062144978537616
11346603121978134632
13567034610212572099
16453928928446894020
459274010295528513
5147708705653038365
5381319249516917582
13329087571566624886
4158941202677319446
14820110917856318599
13204697438906550894
7564224068974981784
16406661966104948540
4899127406979549071
1250511005184554512
4774952838767330369
2779175556570065629
5459750770461896971
9865999280539054273
5898341667259300980
7060799663169311867
16375374779146143931
15561202383856023141
9262920422423354782
12904595587568972653
1468333345040602777
15994448781173350421
10655457374875587689
8886566376873575563
1313504896972243457
6640892004294816814
15157038394533120331
7070428937878257763
5330400378889367707
13675683122030654685
17093256633954636401
17935218355480486266
16875199241198769775
10966269293791417292
775245926086926748
17040489700701577358
10960473647765213539
17316735709095800000
7310916037153802685
16462805391518915385
16411690459812713003
12144737918083514665
12213801020386097990
16997230914989971091
5400241256249131820
9786880393211436650
6468774922871520017
10869860677290546750
12970934116292998310
1599994144326181253
10725757708034027786
10128762992087660496
7038182939412516952
6480169365315787759
9600278965217258243
5313287047917108173
14416857982961261483
13942032603825305943
18169594363854229207
15720941393961426681
12169350204560016637
18368992393171633703
12614742043739802682
14165745290759068136
9906969432271902381
2237698502137797661
16010500932257270735
15331539845716039224
18026973052118944830
11551331518593358247
15650444236944976194
7529038332858382964
4832549515627354025
11654349883090451724
4570965355211872720
11176846975950536618
7706398833287094522
9933509926113049308
7171671840178891085
5486251503059229691
18123271034458416113
8572629031193193507
8070677224008983931
7068043904729705148
9864496664077171740
14900167856901082118
14366550236081485207
9860951854331500710
9069181123844073205
2789381660980123506
12734317835929287175
2854228590318859226
8011984451737776948
5840497812692938517
13597627394591994858
13667708433088968472
2383626568114417669
11173114223239562488
18350049129847228385
8267866565232668051
14368215790883814949
11161837663073412280
11287465078511133978
2030794984630606495
2576206017540233708
14359494483976805570
2763047583570264772
15251215167615672834
7516743379629335355
13447097868941859329
17174383422529310014
8196749563837581854
10601949559010439386
1800834613191446727
8734313418043577262
15557499974304693104
12510064984084788608
16654851177235796665
2414919113684449923
4485597474908979290
5656720685634481706
2396580498609884476
1056889563924490467
8345108130936977196
172472812123098302
16644973948326834895
13302645671490304715
11894165502349536244
5025067904480679860
18043925363039104269
3469996673542992140
6494806631858193419
11552364874232494920
15902320207131226121
9315894646858697931
4273967392069815801
12363339031116108497
4761592768490654386
12394549318972876269
16986053879942784499
10134239136417468088
15404364784587327438
3218561267806577515
13165700919428106497
5813955184786868405
8716161151252857717
3027096402852095219
16067931425152769864
12695686186752941592
17640720363086367853
10413071568097674199
1358786958768961060
2786540622848099145
3732837222510570118
6366490480356159112
13697882464378284072
15230162660008619148
14765723532223739738
17633352671376339747
7169155552903943340
10012617376497282066
5060464130060467156
7415189235265246450
8112856395456087670
17023670301905858527
11956100674012409349
1805168576113527209
5762107732641553378
14256736938499463900
1502171945014553960
11873691612777945904
2935522498803505734
66726923235979075
17081846772792701272
9454588649671977835
16560733234142273471
16400732291969429403
3026658979359455955
11838435163863918799
747260881605164721
5111852274893857955
3073875880370282885
10713408055328922419
18401326680709632816
17563831791104512308
18253805680905021935
6717328951654345335
7880523315552217754
8384956046111290954
14287266362079458793
2714955261486170623
9392146230356708429
18143858551631234587
10070610703494617309
14952283983647897394
7423183938773330250
1327243086634570680
3779003506670114863
2659164375575863732
7009120089042575967
7369804821361588394
3283814028697791620
9997541364415649523
13309203671020591460
1158831123220592834
2894868199169132658
15561868073137766344
10995360662997994338
17252288406048470979
8093421954344167608
10608012321407166646
5982051743376710088
13906783987529904665
14418078557523244033
13360191041971501937
11642606248800695117
759227104402375494
15267528723486425600
3540087549288532057
662119048418888547
12153318095891554216
5073103289490890794
17422159816836939726
16356562241611559413
2395509022979355498
10691919866963049959
13480128831814914220
589924284479444971
5130450930270720246
847670872750266448
6338934496377429447
14002187792975206804
5075917820155075913
10278091760336486686
9337246912516257001
2671571956194640261
10883707563572951887
14942564761290266585
14641162421104533279
4752619131934223523
12074313853480298347
14914124857244267158
17655754424078457309
9624285350488232584
10450367170808508794
8798482702405137020
17900250978167892744
10652550290845162385
6246980081729994707
17313656600552107203
16010886857587314963
6486915056242879821
4341396776246478665
7496166357408439477
11704424786726226797
2759322333722374102
15186587874724553180
10764632853442616868
2293890424016161757
9882453683933394871
643997611379572168
16791673181725314118
4678584537389423093
13328203623154010227
2840924758814002815
6143378872721216638
10995264172454834703
7377284935543143970
12728550611291308390
485280696721933897
17564942841783440649
2849317668049238832
4083010272526487481
17388431525469607406
17415074487150899720
17634099351120393491
1246237972087760971
13074079397327319709
1398911235720228894
3264621582240129968
17874764379368756866
8914744155777846328
5347021422573721261
14880298461881337244
6503513698834956715
12705736993411452414
8938654400908083104
5010767806972864096
18113950091633143339
10409319112752829178
8816169160150770764
7259446187890149610
16246568315612675574
17182206647598911933
10538400405756788921
15873650233600999960
15143964952035250335
12680445955182624506
8684519463458347419
2021097543991944020
11079654289378378762
9483942701385954150
10442508099308546697
16802285808251270207
8738171849445762061
6764633327842572274
8175139294373960346
16391803329961307780
16289641686331396644
8140390129031737048
11577879363720683114
10429310511090810253
14660315538324312129
3088244125167051932
2805671188898787201
13288103437689666615
2173813368674845857
3754970079394248785
11384218028035713983
9878627846360902072
1045710238028907283
230395628555799706
16328723549446411368
3597564548900310936
13163460080786803590
15401913111932197654
2875770822608347766
7813963656283167994
13093035377574616911
13592772187120114994
6784006711513474232
9653667654816093533
10612479526048176614
15772600494077848067
971557749299999226
17081453200838895074
16503432931733590594
5831612273677086084
16642153161875415552
453165372306044655
7463918991630034470
8085409952960756401
13569154571563859671
10717822750150977482
10671945134024112049
10282202752743489460
536741987804087926
17560871174223038252
6637493261333220919
5289988498950783635
13731386282066735017
10373216761470573710
14854533977363817273
15926105744575476810
9782367093083177765
10277847846243596252
2876915862526718494
2014652304499823466
17394673272704239734
5147328070139586214
5871582998834092939
12743336203525861958
3440412284277426855
910412832113298570
15485236890182798131
9310302852370143543
8864601990191071647
13936168797951910866
18001292616049569612
13962277488086472645
6844078276510032602
1462485847130505476
18156065923610002734
16611339173241041817
6783548159364456479
8867193575210048538
13699532583984768498
15347744678181663311
15124086350067923509
3398134732280755569
8676382057802372152
11761973238956122864
7408381569532791833
9535676235386470665
15480138018952172537
8497637150878549278
1794000826936120639
4304803324670763603
9067410066441225494
8177080414790744296
8935513622776880075
17996564515237873978
8987591440434952461
5542727512244423461
3634079634023369463
13177391462831476909
17573655886268567098
6592404395571051485
6915136705064017985
18058397725783466577
7624585891704200757
7045762282762674943
2356117487094096728
8198134215599425969
13091256337487869326
1128897307130016232
7764042355823479739
18381494283271886091
16142964972374257757
852495878452703100
9873817499677882717
1900822556765175350
8074277171141097241
5338456940777840812
16368966007696040616
4524070600077997307
1651788119601431818
13156605822516464730
14702880486051268468
2052957660484869743
695730401777486376
1230771763212147869
16306065864645182964
15092266019769190468
16676148320424692454
159872738559797259
8492236244769118918
11187886472003025652
6576405174824614764
1503270738592789418
2706184578318498775
3546352357984381292
11628041130290123368
10566075488468592128
9981155484316978344
83560305595949096
8242113556648245977
1376610629894697078
7007179021603269756
17967524690608069955
16919257516583996517
3133571580565853978
9962910018891056098
16150471821175516948
679759035298724597
10955808679582177820
17688329833695861548
11561135431477865494
221738798884187569
18334809075551702479
5557874662524617108
12857019138162882302
15231695447899463026
8619697339975532240
1851608546560982916
2992116268519372702
12370874714159107993
17855907865538910454
15665765954975166228
17339136265165571621
10878792506709402757
6352189701410314036
11148887628397854544
8600950753473117439
186979708945969055
17208635861932656028
15304271829892090385
11424201993791009159
8031331270995981341
6162762587582810071
11284599737957927189
5723949634740002277
1650992300427362875
15320471515178590228
17905969848449622089
5950376914680481609
14789440961429902313
16743424086162184139
6252586299583290706
395435605147285025
7743683810035447772
16208088394108783357
2912677233662472655
9923828186740011481
812947903059703496
427120400935648353
7029377701566633010
8637907218537403812
5265884178963526529
17444566889853199331
15819068251312173373
11627711217585330498
11859998892738440395
2718388603509207302
15102915266083677803
6229627017734318804
11239556137441168565
17853874662998186962
10565771802985054004
159653426791039028
15457585662111798419
1884162031957579526
16169817038591281696
16428889544460207648
8432529044899357623
6231042140894552141
4762748711638849319
10726162806364752358
7888892330992988430
5937518511520625030
10767740992422109025
10590473469126445690
11106250369799299247
5140101047807991672
13608148568512139460
6348830818573970402
16812614202412761489
16698089823355001678
9345706320631870588
18162946269413038090
17661081789473859582
9161753178948933333
1254126568353424388
8669394802227740218
12600299886332424698
4755842164976698715
3318722700091818239
15643972116145976022
6274847597976595268
9132656782894613262
13326533726555778350
2609803973637604776
5526375943501099797
4807353508694415412
9567995969833354190
7292517288996870506
970173446354048632
15723648860974490640
17045869405286035690
3185422474444558848
10072024595722675139
9333021284283089348
18166695196559154511
10924668779563107364
8831766091496747686
850937281683030934
15592246244244139323
11686502274651667869
2989175956363023797
10606022847795067321
8345534822956905960
5402628751282042246
1361482157388909437
6921805911325917197
8819276697964725959
115181270496792443
4706443822202058418
3455218441508818105
9434874136667479438
13591711717921134897
6575442512470686998
1411431029764097176
9531714580900741923
739384725909752802
14239881457337898868
13089439308795501727
16270183427834484510
10050842817001171634
5530341091517187158
17420810553608717358
5395831391544250774
14450796432519447294
6338853371325050581
7992272103122266759
11344925350381047684
7821951748339350712
6987173184464053610
17305823000274891963
2989274300726134222
9991439139778430818
11530437014711137070
18071376931486746702
795811377008072268
11448711951157383915
9043301274489671383
1227998264304255838
14395514849371290156
12260776417787014665
16972581188192809674
6399522097129573344
6105401638992482031
7164353879569059718
11724670594877456792
5161655775141445822
8797567751811413755
2302878720800089183
2053434844392501774
12327889589064134198
6371493885788772100
10519354745796616967
4065498805667252087
10097403080234956693
11813468733214561190
15909578546399265294
1927810647711727840
14085121655100786101
1395467587185846679
17643481928826078941
14082758179935637227
14390120311029837195
15291192632495713020
439820929919642389
13791316653389586403
12298348454476348271
6507761070990557379
14696260299408852452
7876310187560320273
3053471849210868122
18291504571921775664
7491014530066248933
757086852835737908
236842611328568759
15330860207658323318
11569182201503489733
5721850502111999324
5284833544763528375
5371871092329004200
8565002986928729842
6148720572220425351
5213417818437087835
16331129208640707573
598982487265764115
11182449025982801675
4276354657232311954
12824844961280811279
5170436467003903449
17240582131708061912
3243012394353528323
14117105880997838364
2864553262055890126
2748559595637336308
6897422517232593392
14104361774495213113
7529471118897325829
2650139741842841418
12809974289687486416
8857648485611867747
8292471802049022224
176276088556817611
5206689361345131178
16667512088566864464
14041687015065956594
4105094944542963726
7087825948301277004
12458727844180635665
6771040040303044441
12654124588517402908
1400720948535429379
7259831167833722273
10156421867481381983
16644864803765140884
10367151536930713711
11441198944667661394
725263867832605537
18282871082722404711
11647537390796178356
11330438422416575351
16983278403247308747
4913797577715382464
13436995597504383766
14989274596785492308
7932993575867230744
12001187794521864450
7297782197215341634
4158307801797157642
7279490382187737761
4623392718214552056
3286597888769625732
1046772334778362522
3655086070199663788
17290983730198798575
13648691894655561562
10447363546551116514
18382042951641956201
14288322746490723336
14396170338125743456
9731722252753752759
457105402716126652
7143915725316595910
7456290397295526925
15352935290706729278
647719115195096620
7189174996169357576
11607869278966298922
16053829112991583262
12447147586519420055
11361335282779317102
14046243711525142839
7601882176910980000
17822383994959101289
18316379503160141211
16863890781153167332
6081404177046019757
13299474327621319875
1954572033732332387
5371359862455649094
3930982251191826354
2210452990278043410
18255755108952491948
2053395954893696134
1643803154968048937
15282020375241981128
3599551572218747258
17565680007969340167
16321447575064223022
15854363961932009795
13643301564878313901
7108813109358538094
3503636645445633144
16372778483477009256
12218010655987722721
8338796454773905873
7692863751879702170
10935048427247944270
5625409565649489168
6164600400987714547
12535859538696158829

17529864846141192817
4723108798681473330
15799658438469639794
6939866173653293243
11910387069169012136
11137014627884070114
3205619252268876492
2429667867854324892
11027767856956398389
1592573803749034828